0.565613 
0.642639 
0.576843 
0.540466 
0.573425 
0.625305 
0.590149 
0.609436 
0.606628 
0.571472 
0.677795 
0.581726 
0.558289 
0.538025 
0.627014 
0.605408 
0.562195 
0.575134 
0.613831 
0.527039 
0.562439 
0.597229 
0.625061 
0.561829 
0.499939 
0.590881 
0.546692 
0.640808 
0.644592 
0.625427 
0.604431 
0.580139 
0.628967 
0.640808 
0.617737 
0.590637 
0.554626 
0.572083 
0.558289 
0.584412 
0.544617 
0.566223 
0.625549 
0.515564 
0.559875 
0.610901 
0.546814 
0.583435 
0.531189 
0.562317 
0.625671 
0.660217 
0.628967 
0.582703 
0.595764 
0.515564 
0.600647 
0.499939 
0.630920 
0.527283 
0.557190 
0.562317 
0.572205 
0.629333 
0.628967 
0.582825 
0.627014 
0.562073 
0.648499 
0.577576 
0.523132 
0.586975 
0.628967 
0.648499 
0.518127 
0.593445 
0.548767 
0.586609 
0.625305 
0.625061 
0.648743 
0.628967 
0.596375 
0.595520 
0.629456 
0.617615 
0.590271 
0.499939 
0.551331 
0.569275 
0.609924 
0.625061 
0.570007 
0.569275 
0.629333 
0.625916 
0.591614 
0.530945 
0.604675 
0.625061 
0.590881 
0.559387 
0.589905 
0.588684 
0.562317 
0.642395 
0.561462 
0.625549 
0.599915 
0.625061 
0.625183 
0.627991 
0.589050 
0.626526 
0.546326 
0.687561 
0.571960 
0.592590 
0.606384 
0.641174 
0.561951 
0.580261 
0.612732 
0.627625 
0.618103 
0.575256 
0.656433 
0.561462 
0.560486 
0.612366 
0.546814 
0.687683 
0.570129 
0.658264 
0.641541 
0.687561 
0.605896 
0.582336 
0.600159 
0.575500 
0.633850 
0.544373 
0.703186 
0.562195 
0.583069 
0.625305 
0.607361 
0.572815 
0.590271 
0.529236 
0.546814 
0.576477 
0.585266 
0.640686 
0.566223 
0.559875 
0.672913 
0.602234 
0.498962 
0.664612 
0.641174 
0.640808 
0.632874 
0.586121 
0.625916 
0.687561 
0.625549 
0.596008 
0.559021 
0.522400 
0.629211 
0.580261 
0.560974 
0.607483 
0.552673 
0.607239 
0.576843 
0.542297 
0.634338 
0.546814 
0.575867 
0.545837 
0.531067 
0.575256 
0.615540 
0.570984 
0.531189 
0.496033 
0.605774 
0.597839 
0.600647 
0.523376 
0.531189 
0.600403 
0.562439 
0.626038 
0.576965 
0.656799 
0.596741 
0.581238 
0.627502 
0.594299 
0.515564 
0.625061 
0.671936 
0.561462 
0.554016 
0.562439 
0.627014 
0.499939 
0.581360 
0.561462 
0.601501 
0.554382 
0.629578 
0.615051 
0.613831 
0.599182 
0.610168 
0.613831 
0.628967 
0.559875 
0.590881 
0.639221 
0.581604 
0.572693 
0.573792 
0.515564 
0.530945 
0.558044 
0.656799 
0.561951 
0.613098 
0.625061 
0.554260 
0.557556 
0.628967 
0.562195 
0.597961 
0.634338 
0.582581 
0.499939 
0.586243 
0.642883 
0.577087 
0.628235 
0.584290 
0.575989 
0.560486 
0.583557 
0.550720 
0.599060 
0.625061 
0.546692 
0.632874 
0.583679 
0.566101 
0.573792 
0.593567 
0.570129 
0.587830 
0.566711 
0.592834 
0.591980 
0.577332 
0.599182 
0.632874 
0.526917 
0.633362 
0.554016 
0.561707 
0.606995 
0.598938 
0.640808 
0.642883 
0.625793 
0.579895 
0.571716 
0.530701 
0.634827 
0.531189 
0.635315 
0.625183 
0.573914 
0.640686 
0.499939 
0.562439 
0.541931 
0.626282 
0.604065 
0.497253 
0.544739 
0.636780 
0.561951 
0.554382 
0.634338 
0.598816 
0.499939 
0.621887 
0.625549 
0.625427 
0.556580 
0.592224 
0.632996 
0.687561 
0.648499 
0.568542 
0.656311 
0.595764 
0.605896 
0.580261 
0.572205 
0.590759 
0.580383 
0.491638 
0.657288 
0.556335 
0.612610 
0.530457 
0.591858 
0.627747 
0.612366 
0.602112 
0.640808 
0.641174 
0.633240 
0.549866 
0.529480 
0.639832 
0.627258 
0.556335 
0.591736 
0.497986 
0.616150 
0.610046 
0.687561 
0.559021 
0.631897 
0.549500 
0.578552 
0.640930 
0.552673 
0.550476 
0.581726 
0.656311 
0.648499 
0.636780 
0.529236 
0.569275 
0.560486 
0.568298 
0.613708 
0.530701 
0.609558 
0.614319 
0.557556 
0.570129 
0.578918 
0.603210 
0.588806 
0.538025 
0.598206 
0.587952 
0.631897 
0.611389 
0.656311 
0.556458 
0.625549 
0.632874 
0.498962 
0.656311 
0.499939 
0.554382 
0.619690 
0.578918 
0.572205 
0.626038 
0.577209 
0.600281 
0.554626 
0.559753 
0.591736 
0.499939 
0.546570 
0.610657 
0.530701 
0.531189 
0.565369 
0.562317 
0.515564 
0.560852 
0.602600 
0.626038 
0.559265 
0.569885 
0.499939 
0.561462 
0.589294 
0.587830 
0.619202 
0.553894 
0.554016 
0.591858 
0.554382 
0.498840 
0.589539 
0.578064 
0.581360 
0.588562 
0.627014 
0.687561 
0.625427 
0.526794 
0.499939 
0.625061 
0.588806 
0.629456 
0.560364 
0.584778 
0.656311 
0.632874 
0.562317 
0.567322 
0.610779 
0.617981 
0.599670 
0.577332 
0.750061 
0.598816 
0.615051 
0.626404 
0.499939 
0.575867 
0.503845 
0.602478 
0.630920 
0.589417 
0.546448 
0.562439 
0.598572 
0.577942 
0.629211 
0.640808 
0.574646 
0.664124 
0.499939 
0.499939 
0.632874 
0.629456 
0.589050 
0.561707 
0.593445 
0.554382 
0.561462 
0.545837 
0.589539 
0.601746 
0.625793 
0.499939 
0.560242 
0.602966 
0.587708 
0.609802 
0.642761 
0.605530 
0.560852 
0.625671 
0.570618 
0.627258 
0.561951 
0.641174 
0.561218 
0.646057 
0.590881 
0.627014 
0.631042 
0.577332 
0.602356 
0.598328 
0.565857 
0.609558 
0.581116 
0.630920 
0.582581 
0.626038 
0.582458 
0.499939 
0.553650 
0.639221 
0.558289 
0.613586 
0.656799 
0.578674 
0.625427 
0.617249 
0.555603 
0.602356 
0.660217 
0.492126 
0.638733 
0.628113 
0.583557 
0.583679 
0.499939 
0.604065 
0.595764 
0.563904 
0.585022 
0.592590 
0.597473 
0.560852 
0.602112 
0.558167 
0.559875 
0.497986 
0.496033 
0.582214 
0.575378 
0.576721 
0.484192 
0.499817 
0.527283 
0.640930 
0.553650 
0.597839 
0.640686 
0.572205 
0.626160 
0.628967 
0.492004 
0.513611 
0.568298 
0.618469 
0.640686 
0.640686 
0.595520 
0.527161 
0.558167 
0.601501 
0.499817 
0.539001 
0.543396 
0.566223 
0.631165 
0.610046 
0.546326 
0.633362 
0.554504 
0.592102 
0.555847 
0.570740 
0.633362 
0.576965 
0.643372 
0.643127 
0.562073 
0.596497 
0.554260 
0.627258 
0.634827 
0.531189 
0.595276 
0.656433 
0.625305 
0.499939 
0.598816 
0.590881 
0.542175 
0.499939 
0.497986 
0.626526 
0.588196 
0.561096 
0.599915 
0.620422 
0.637878 
0.629089 
0.570984 
0.609436 
0.569153 
0.499451 
0.579041 
0.496033 
0.574646 
0.565247 
0.572327 
0.540466 
0.640686 
0.632874 
0.570496 
0.627747 
0.647034 
0.619446 
0.604309 
0.561584 
0.658264 
0.531189 
0.569397 
0.596375 
0.617737 
0.687561 
0.601379 
0.623108 
0.581726 
0.606140 
0.576111 
0.556335 
0.596008 
0.562195 
0.567322 
0.599304 
0.499817 
0.750061 
0.622742 
0.569763 
0.625916 
0.625305 
0.544617 
0.550476 
0.561462 
0.546326 
0.551086 
0.560486 
0.566101 
0.660461 
0.608582 
0.552673 
0.642151 
0.640930 
0.593811 
0.546326 
0.561462 
0.607971 
0.599182 
0.561951 
0.559387 
0.560486 
0.589905 
0.499939 
0.613953 
0.542419 
0.577209 
0.561951 
0.559021 
0.687561 
0.552063 
0.574646 
0.578552 
0.625061 
0.613586 
0.750061 
0.641541 
0.629456 
0.594910 
0.571594 
0.590027 
0.556335 
0.550720 
0.562439 
0.673889 
0.600037 
0.627258 
0.499451 
0.570740 
0.632385 
0.621521 
0.589417 
0.622986 
0.641663 
0.530945 
0.658752 
0.603210 
0.499939 
0.545593 
0.662170 
0.626282 
0.625793 
0.658630 
0.598694 
0.558044 
0.614319 
0.616150 
0.644592 
0.499939 
0.595520 
0.560730 
0.600159 
0.641785 
0.554504 
0.631042 
0.671936 
0.574402 
0.496033 
0.577576 
0.560242 
0.612366 
0.656311 
0.625549 
0.546082 
0.568787 
0.546570 
0.572693 
0.625061 
0.591736 
0.590271 
0.577087 
0.609558 
0.652527 
0.625671 
0.625183 
0.627136 
0.607605 
0.625305 
0.559998 
0.617249 
0.642395 
0.542908 
0.499695 
0.587219 
0.631897 
0.558411 
0.640686 
0.562439 
0.615906 
0.597351 
0.601990 
0.633850 
0.641174 
0.561951 
0.554260 
0.588684 
0.576111 
0.632874 
0.578918 
0.591248 
0.574768 
0.563904 
0.561096 
0.576111 
0.586853 
0.550720 
0.552185 
0.525330 
0.545715 
0.656433 
0.595032 
0.658875 
0.558533 
0.592224 
0.576965 
0.592834 
0.553650 
0.573181 
0.629089 
0.608704 
0.590271 
0.559998 
0.530212 
0.626404 
0.628967 
0.631775 
0.596130 
0.531189 
0.577209 
0.605530 
0.595764 
0.597961 
0.599670 
0.499817 
0.584290 
0.589783 
0.595886 
0.577209 
0.594177 
0.531067 
0.641663 
0.600159 
0.594543 
0.530701 
0.687561 
0.617126 
0.564392 
0.597595 
0.499695 
0.625549 
0.591125 
0.577942 
0.560852 
0.498840 
0.627258 
0.591248 
0.585754 
0.603088 
0.595520 
0.580872 
0.626282 
0.499939 
0.531189 
0.623352 
0.499939 
0.584412 
0.579041 
0.584167 
0.753967 
0.559265 
0.629944 
0.625061 
0.499939 
0.658020 
0.586609 
0.627258 
0.544006 
0.589783 
0.590515 
0.498962 
0.598206 
0.561462 
0.598450 
0.632874 
0.589417 
0.558411 
0.633606 
0.610168 
0.582703 
0.499939 
0.556824 
0.596619 
0.554260 
0.625793 
0.595154 
0.605896 
0.585022 
0.599060 
0.572693 
0.605530 
0.625183 
0.598328 
0.590637 
0.571838 
0.611755 
0.499939 
0.498840 
0.627014 
0.592712 
0.588928 
0.605042 
0.589539 
0.560486 
0.634094 
0.652405 
0.596985 
0.499939 
0.630920 
0.622498 
0.552795 
0.530701 
0.585022 
0.608215 
0.592957 
0.587952 
0.546814 
0.575745 
0.613586 
0.595276 
0.570007 
0.540955 
0.625549 
0.581970 
0.611389 
0.552673 
0.562195 
0.625549 
0.530457 
0.568787 
0.530212 
0.630188 
0.596252 
0.592102 
0.499207 
0.687561 
0.600281 
0.542419 
0.549988 
0.581482 
0.552429 
0.633484 
0.557556 
0.569275 
0.567322 
0.573669 
0.657288 
0.596741 
0.626038 
0.635437 
0.561951 
0.623230 
0.598816 
0.484314 
0.598328 
0.565491 
0.531189 
0.579163 
0.597473 
0.562439 
0.557312 
0.583313 
0.625549 
0.531189 
0.552917 
0.605652 
0.614563 
0.549255 
0.641052 
0.523376 
0.499939 
0.626282 
0.687561 
0.644592 
0.658264 
0.582947 
0.641052 
0.570862 
0.687683 
0.611511 
0.554626 
0.497986 
0.583313 
0.644104 
0.530212 
0.547302 
0.652649 
0.582581 
0.530212 
0.555115 
0.564026 
0.614807 
0.637512 
0.530701 
0.687561 
0.496033 
0.546814 
0.574646 
0.640686 
0.544861 
0.581970 
0.656311 
0.533142 
0.590027 
0.557556 
0.557312 
0.611389 
0.646545 
0.625916 
0.589539 
0.577942 
0.554382 
0.592712 
0.585754 
0.613342 
0.594177 
0.559753 
0.599304 
0.499939 
0.598938 
0.499939 
0.611389 
0.551086 
0.596252 
0.483337 
0.573059 
0.584900 
0.573303 
0.570129 
0.634827 
0.558044 
0.529480 
0.625549 
0.634583 
0.499939 
0.625183 
0.560486 
0.561707 
0.558289 
0.611389 
0.576965 
0.499817 
0.492126 
0.468689 
0.574402 
0.632874 
0.590637 
0.596130 
0.548279 
0.631287 
0.581238 
0.607849 
0.625061 
0.618225 
0.589172 
0.549622 
