0.664490 
0.555481 
0.567322 
0.480286 
0.750061 
0.597839 
0.495422 
0.562317 
0.629333 
0.641663 
0.529968 
0.598206 
0.618469 
0.676575 
0.625061 
0.542419 
0.498840 
0.476257 
0.571228 
0.488098 
0.503845 
0.367126 
0.558411 
0.497253 
0.437439 
0.452332 
0.448181 
0.718811 
0.509705 
0.629456 
0.483704 
0.495544 
0.563782 
0.750183 
0.545959 
0.484070 
0.480408 
0.601624 
0.437439 
0.627502 
0.589905 
0.607361 
0.474548 
0.583679 
0.521179 
0.554382 
0.550964 
0.488220 
0.468689 
0.601746 
0.600525 
0.455627 
0.695618 
0.575134 
0.431580 
0.465637 
0.450623 
0.666077 
0.367126 
0.757874 
0.558289 
0.343445 
0.468689 
0.358582 
0.562439 
0.532776 
0.495544 
0.757996 
0.482361 
0.605530 
0.437439 
0.373962 
0.467224 
0.374939 
0.476379 
0.404724 
0.249939 
0.359314 
0.542786 
0.658875 
0.468567 
0.658752 
0.479919 
0.652405 
0.750061 
0.493469 
0.249939 
0.429626 
0.421814 
0.495789 
0.554138 
0.499695 
0.750061 
0.343689 
0.487122 
0.312439 
0.411072 
0.559631 
0.582947 
0.502869 
0.751038 
0.414001 
0.468445 
0.617126 
0.428650 
0.594788 
0.754944 
0.421814 
0.371033 
0.750061 
0.546814 
0.621277 
0.595764 
0.450012 
0.414001 
0.405212 
0.464050 
0.489197 
0.474304 
0.513000 
0.636292 
0.480408 
0.490540 
0.482971 
0.636047 
0.641296 
0.814514 
0.488342 
0.475891 
0.812561 
0.628235 
0.658508 
0.460632 
0.484070 
0.641785 
0.656677 
0.490051 
0.649475 
0.363220 
0.576111 
0.565857 
0.466370 
0.499817 
0.625183 
0.538879 
0.751282 
0.553772 
0.372498 
0.752258 
0.374939 
0.499695 
0.703308 
0.531189 
0.481995 
0.372009 
0.544006 
0.372986 
0.704163 
0.633362 
0.326111 
0.656311 
0.757874 
0.545593 
0.492126 
0.249817 
0.495056 
0.656311 
0.483948 
0.468689 
0.499695 
0.613220 
0.621155 
0.690491 
0.437317 
0.492859 
0.579285 
0.532166 
0.492126 
0.627014 
0.488098 
0.427673 
0.570007 
0.478088 
0.425720 
0.645935 
0.495422 
0.640808 
0.622375 
0.613708 
0.636169 
0.668030 
0.699524 
0.583069 
0.437439 
0.617371 
0.435486 
0.640686 
0.374939 
0.584167 
0.483704 
0.499207 
0.484192 
0.406067 
0.499817 
0.466492 
0.481995 
0.499939 
0.499817 
0.389343 
0.673035 
0.750061 
0.687561 
0.639343 
0.459900 
0.499939 
0.583679 
0.433411 
0.475769 
0.493347 
0.450623 
0.405090 
0.491394 
0.661194 
0.546814 
0.249939 
0.750061 
0.467590 
0.249939 
0.641541 
0.493469 
0.359314 
0.452576 
0.642273 
0.469666 
0.550354 
0.437439 
0.464661 
0.750061 
0.523376 
0.555603 
0.372986 
0.482727 
0.627625 
0.493958 
0.403992 
0.351501 
0.499695 
0.494080 
0.626038 
0.631897 
0.495178 
0.489685 
0.493835 
0.488586 
0.634827 
0.437439 
0.488098 
0.498352 
0.477234 
0.374939 
0.468079 
0.661194 
0.465271 
0.765686 
0.400330 
0.687561 
0.373962 
0.594543 
0.406189 
0.498718 
0.487366 
0.688538 
0.249939 
0.437439 
0.533264 
0.582092 
0.629822 
0.474060 
0.450378 
0.796936 
0.437317 
0.428650 
0.648987 
0.667053 
0.757874 
0.483704 
0.498718 
0.495422 
0.658508 
0.610901 
0.719299 
0.574280 
0.434509 
0.489685 
0.576965 
0.614929 
0.507629 
0.625427 
0.535706 
0.496765 
0.468445 
0.568054 
0.437317 
0.497986 
0.645569 
0.481018 
0.476257 
0.494690 
0.492004 
0.530945 
0.542786 
0.596130 
0.580872 
0.445251 
0.606506 
0.761780 
0.487122 
0.544983 
0.656555 
0.489197 
0.471985 
0.493958 
0.429138 
0.525818 
0.512756 
0.462830 
0.558777 
0.769714 
0.752014 
0.487488 
0.499451 
0.491028 
0.560486 
0.530945 
0.576233 
0.491882 
0.589661 
0.540710 
0.370056 
0.734436 
0.681824 
0.534241 
0.503845 
0.460876 
0.576233 
0.588196 
0.462341 
0.553894 
0.405579 
0.543030 
0.421814 
0.437439 
0.617126 
0.359314 
0.687805 
0.494812 
0.481628 
0.497009 
0.479919 
0.644592 
0.374939 
0.491516 
0.584045 
0.604065 
0.611267 
0.500916 
0.750183 
0.691589 
0.642761 
0.626404 
0.234314 
0.497375 
0.726746 
0.644714 
0.595032 
0.568298 
0.561951 
0.484192 
0.753967 
0.525574 
0.506165 
0.464783 
0.499939 
0.499695 
0.508606 
0.656555 
0.499817 
0.607971 
0.687561 
0.487122 
0.497986 
0.498718 
0.425720 
0.494568 
0.483093 
0.750061 
0.466736 
0.632629 
0.435486 
0.629578 
0.435120 
0.530212 
0.470642 
0.717102 
0.674133 
0.688782 
0.657043 
0.421326 
0.499939 
0.437439 
0.648499 
0.705383 
0.499939 
0.619812 
0.472107 
0.374207 
0.757874 
0.460876 
0.436951 
0.580627 
0.437439 
0.781311 
0.578308 
0.750061 
0.435486 
0.498596 
0.561096 
0.489929 
0.498962 
0.585632 
0.628601 
0.575012 
0.765930 
0.373474 
0.580383 
0.529968 
0.492126 
0.765686 
0.750061 
0.545105 
0.750061 
0.483582 
0.483948 
0.495300 
0.478210 
0.495544 
0.546692 
0.656433 
0.750061 
0.374939 
0.528625 
0.563660 
0.372986 
0.567200 
0.437439 
0.664124 
0.629944 
0.477478 
0.729553 
0.467590 
0.558777 
0.487244 
0.476135 
0.452820 
0.753967 
0.760925 
0.491638 
0.450134 
0.466736 
0.249939 
0.359070 
0.600037 
0.510437 
0.601501 
0.781311 
0.460876 
0.613953 
0.400330 
0.703186 
0.343689 
0.460876 
0.558044 
0.699280 
0.687683 
0.625305 
0.688293 
0.524475 
0.404236 
0.467590 
0.664246 
0.374451 
0.436829 
0.437439 
0.497498 
0.751526 
0.466980 
0.656311 
0.372986 
0.462097 
0.514343 
0.584412 
0.604187 
0.557800 
0.590149 
0.497375 
0.586853 
0.497986 
0.652405 
0.523865 
0.495911 
0.437195 
0.643616 
0.451111 
0.586365 
0.498230 
0.640808 
0.617859 
0.511169 
0.576477 
0.421814 
0.460388 
0.462830 
0.491760 
0.627136 
0.687561 
0.634338 
0.499939 
0.249939 
0.496765 
0.610168 
0.523132 
0.595154 
0.525574 
0.652893 
0.509705 
0.462830 
0.577454 
0.469666 
0.629089 
0.625061 
0.418396 
0.497864 
0.656921 
0.405212 
0.675598 
0.750183 
0.588684 
0.622620 
0.495178 
0.466614 
0.646179 
0.552673 
0.497253 
0.467957 
0.615295 
0.520569 
0.518127 
0.373840 
0.480408 
0.404236 
0.529724 
0.490173 
0.750061 
0.630920 
0.499329 
0.633606 
0.750061 
0.641907 
0.511047 
0.436462 
0.366882 
0.436462 
0.620178 
0.687561 
0.520569 
0.537659 
0.560608 
0.370789 
0.568787 
0.687805 
0.487732 
0.752747 
0.584045 
0.497375 
0.691101 
0.433899 
0.753967 
0.607239 
0.359314 
0.495911 
0.496033 
0.643127 
0.577576 
0.372986 
0.468567 
0.490906 
0.632385 
0.431335 
0.496521 
0.478210 
0.499939 
0.582092 
0.483948 
0.752014 
0.493591 
0.711243 
0.614319 
0.590881 
0.496033 
0.479309 
0.656311 
0.750061 
0.450867 
0.631165 
0.436462 
0.636780 
0.499451 
0.488220 
0.463562 
0.435974 
0.249939 
0.436462 
0.549011 
0.456970 
0.481140 
0.646912 
0.456482 
0.692444 
0.532776 
0.483337 
0.625305 
0.531189 
0.468323 
0.483826 
0.548767 
0.365906 
0.596008 
0.460754 
0.538391 
0.693176 
0.594543 
0.588806 
0.660217 
0.640686 
0.443787 
0.696350 
0.611389 
0.496033 
0.530579 
0.508606 
0.632507 
0.635193 
0.523132 
0.509460 
0.648987 
0.517761 
0.499573 
0.475525 
0.757874 
0.498474 
0.557312 
0.640686 
0.491638 
0.634338 
0.466736 
0.610657 
0.480408 
0.437073 
0.633118 
0.444641 
0.637634 
0.466736 
0.513367 
0.496399 
0.452576 
0.499939 
0.545105 
0.437439 
0.440857 
0.596008 
0.604065 
0.433411 
0.633362 
0.468689 
0.750061 
0.499817 
0.599182 
0.625061 
0.499329 
0.549255 
0.480164 
0.750061 
0.463562 
0.705261 
0.766174 
0.495056 
0.487976 
0.571594 
0.643860 
0.491638 
0.530579 
0.594910 
0.703674 
0.668030 
0.750061 
0.551086 
0.484314 
0.417908 
0.547546 
0.595398 
0.556946 
0.549377 
0.578674 
0.373962 
0.374573 
0.555969 
0.754456 
0.750061 
0.434631 
0.752014 
0.751038 
0.437317 
0.592712 
0.496033 
0.570251 
0.472473 
0.689636 
0.442322 
0.496033 
0.406067 
0.483337 
0.469666 
0.467712 
0.499573 
0.549622 
0.496277 
0.452576 
0.602966 
0.464661 
0.559509 
0.495789 
0.625183 
0.374939 
0.494812 
0.514343 
0.421692 
0.612488 
0.435730 
0.576721 
0.492004 
0.750061 
0.541077 
0.703186 
0.568298 
0.552917 
0.463684 
0.427551 
0.554260 
0.486633 
0.502502 
0.433533 
0.466248 
0.429626 
0.499451 
0.435486 
0.640808 
0.612366 
0.570618 
0.478455 
0.546814 
0.476135 
0.582458 
0.483093 
0.599304 
0.756165 
0.614319 
0.689026 
0.494080 
0.666077 
0.722839 
0.374939 
0.495300 
0.488220 
0.374451 
0.507751 
0.750061 
0.487732 
0.656311 
0.552917 
0.586609 
0.611145 
0.674377 
0.590027 
0.374939 
0.312317 
0.476013 
0.468689 
0.480408 
0.390564 
0.586975 
0.482361 
0.542786 
0.812561 
0.694763 
0.460876 
0.498962 
0.483337 
0.421814 
0.555359 
0.640930 
0.435364 
0.589294 
0.556335 
0.483215 
0.453064 
0.635315 
0.374939 
0.483826 
0.496033 
0.625061 
0.484192 
0.766052 
0.548645 
0.435364 
0.550598 
0.634094 
0.599426 
0.546448 
0.647888 
0.529724 
0.451965 
0.434753 
0.649963 
0.499817 
0.460876 
0.524353 
0.529846 
0.617249 
0.531189 
0.437317 
0.750183 
0.493591 
0.406189 
0.312439 
0.678284 
0.551941 
0.750061 
0.448669 
0.750061 
0.523376 
0.436951 
0.460754 
0.487000 
0.492126 
0.562439 
0.769592 
0.578918 
0.484314 
0.636292 
0.453064 
0.587219 
0.495422 
0.734436 
0.475037 
0.496765 
0.435242 
0.458313 
0.494812 
0.757874 
0.595276 
0.750305 
0.487244 
0.566223 
0.606140 
0.640930 
0.596008 
0.528748 
0.466614 
0.435242 
0.429382 
0.495911 
0.437195 
0.557190 
0.586853 
0.750183 
0.499084 
0.499329 
0.436218 
0.632141 
0.547546 
0.627747 
0.484192 
0.428162 
0.249939 
0.588196 
0.661316 
0.522278 
0.596985 
0.498474 
0.750061 
0.646179 
0.374695 
0.468689 
0.750061 
0.390564 
0.429626 
0.750061 
0.750671 
0.449158 
0.403137 
0.487000 
0.592346 
0.559143 
0.359314 
0.462830 
0.579163 
0.371033 
0.494324 
0.487244 
0.468567 
0.452087 
0.465759 
0.476501 
0.625793 
0.600281 
0.423279 
0.521179 
0.564514 
0.525574 
0.436218 
0.542908 
0.357361 
0.703430 
0.682434 
0.576111 
0.692078 
0.594177 
0.499939 
0.499084 
0.629700 
0.521790 
0.497986 
0.249939 
0.595154 
0.703308 
0.752747 
0.249939 
0.480408 
0.495667 
0.487976 
0.529236 
0.567932 
0.556091 
0.693420 
0.484314 
0.359314 
0.510315 
0.656311 
0.573181 
0.436462 
0.556458 
0.522522 
0.580872 
0.665100 
0.374451 
0.465759 
0.612366 
0.367126 
0.367126 
0.650940 
0.452820 
0.497498 
0.499207 
0.586243 
0.371033 
0.553040 
0.532532 
0.421814 
0.480408 
0.656311 
0.398376 
0.371033 
0.750305 
0.497742 
0.436951 
0.437439 
0.567078 
0.531067 
0.603821 
0.688538 
0.644104 
0.636780 
0.374939 
0.750183 
0.683655 
0.584412 
0.478455 
0.559875 
0.758362 
0.629211 
