0.594055 
0.599304 
0.592346 
0.585754 
0.588074 
0.597961 
0.589539 
0.577576 
0.594055 
0.574158 
0.599670 
0.583679 
0.594055 
0.593811 
0.598328 
0.597229 
0.625061 
0.585876 
0.588562 
0.594299 
0.594543 
0.593567 
0.591248 
0.592346 
0.594055 
0.592590 
0.595764 
0.601624 
0.593811 
0.596252 
0.589294 
0.577454 
0.601624 
0.577087 
0.587585 
0.593079 
0.562439 
0.596619 
0.592957 
0.586487 
0.596008 
0.587830 
0.583435 
0.583923 
0.596252 
0.595764 
0.617249 
0.597717 
0.583557 
0.586609 
0.562439 
0.586365 
0.592224 
0.597717 
0.594543 
0.593079 
0.582947 
0.625061 
0.558533 
0.605530 
0.588684 
0.590881 
0.625061 
0.587708 
0.562439 
0.617249 
0.593689 
0.592834 
0.595642 
0.593689 
0.593689 
0.603577 
0.593445 
0.605774 
0.592834 
0.598450 
0.590637 
0.580505 
0.609436 
0.597717 
0.598083 
0.625061 
0.590881 
0.603577 
0.578064 
0.594543 
0.585632 
0.584412 
0.591370 
0.597107 
0.588684 
0.610413 
0.609680 
0.598083 
0.600891 
0.562439 
0.594910 
0.594910 
0.575867 
0.578064 
0.600647 
0.592712 
0.599670 
0.587830 
0.593689 
0.596863 
0.596863 
0.587341 
0.580872 
0.584412 
0.595886 
0.585754 
0.582336 
0.599915 
0.601746 
0.594910 
0.593811 
0.597717 
0.599426 
0.597717 
0.590759 
0.592224 
0.593079 
0.596985 
0.591003 
0.603577 
0.598694 
0.596741 
0.605530 
0.591003 
0.593689 
0.598938 
0.577942 
0.605530 
0.598694 
0.591980 
0.590881 
0.590637 
0.594177 
0.625061 
0.601746 
0.596741 
0.580994 
0.625061 
0.598816 
0.591248 
0.589661 
0.596741 
0.609558 
0.591736 
0.610413 
0.591492 
0.595154 
0.593567 
0.583801 
0.587097 
0.591492 
0.591125 
0.586121 
0.591980 
0.591614 
0.578064 
0.593201 
0.599915 
0.596252 
0.593933 
0.587830 
0.598816 
0.594910 
0.593323 
0.594543 
0.602600 
0.602600 
0.598572 
0.578064 
0.604309 
0.610046 
0.595276 
0.595032 
0.585754 
0.588806 
0.596252 
0.578064 
0.587708 
0.586853 
0.609436 
0.588806 
0.578064 
0.597839 
0.597839 
0.583801 
0.598450 
0.592346 
0.598206 
0.602356 
0.590637 
0.562439 
0.585754 
0.603577 
0.590271 
0.603699 
0.587952 
0.589294 
0.577576 
0.612366 
0.597839 
0.609436 
0.603821 
0.601135 
0.583923 
0.589539 
0.591492 
0.591736 
0.601746 
0.577576 
0.587219 
0.594910 
0.585754 
0.595398 
0.601624 
0.593933 
0.585876 
0.594910 
0.609436 
0.592102 
0.598938 
0.593079 
0.596497 
0.589783 
0.591980 
0.581360 
0.588318 
0.591003 
0.585144 
0.602112 
0.584900 
0.625061 
0.601624 
0.602112 
0.609436 
0.570251 
0.584656 
0.595642 
0.601746 
0.590759 
0.596375 
0.585754 
0.601990 
0.601868 
0.578064 
0.562439 
0.584656 
0.611389 
0.585754 
0.605774 
0.609558 
0.584900 
0.596985 
0.590759 
0.588806 
0.594788 
0.590759 
0.588562 
0.585388 
0.592957 
0.584534 
0.601868 
0.587585 
0.593079 
0.584290 
0.587830 
0.597229 
0.578064 
0.598083 
0.603577 
0.600159 
0.594543 
0.593201 
0.601624 
0.591125 
0.597961 
0.590515 
0.594421 
0.593567 
0.610413 
0.609436 
0.584412 
0.586731 
0.595886 
0.598694 
0.582947 
0.587463 
0.590149 
0.585266 
0.603088 
0.581970 
0.596985 
0.599915 
0.581970 
0.589783 
0.585876 
0.609680 
0.603333 
0.591248 
0.591858 
0.584167 
0.589294 
0.589539 
0.582947 
0.570251 
0.589661 
0.597839 
0.607483 
0.601746 
0.603088 
0.587585 
0.601624 
0.593445 
0.593323 
0.595886 
0.600037 
0.591614 
0.588684 
0.585876 
0.595154 
0.595398 
0.599670 
0.601257 
0.592102 
0.609558 
0.585266 
0.583435 
0.592834 
0.591003 
0.598083 
0.594055 
0.590637 
0.590637 
0.597351 
0.591370 
0.603577 
0.577576 
0.609558 
0.601868 
0.582947 
0.597717 
0.591370 
0.583679 
0.600647 
0.608826 
0.577820 
0.601868 
0.588562 
0.589783 
0.590393 
0.586487 
0.589539 
0.581848 
0.603088 
0.613342 
0.595520 
0.562439 
0.599670 
0.590515 
0.579041 
0.578064 
0.592834 
0.602600 
0.585754 
0.593445 
0.578064 
0.600647 
0.598816 
0.601990 
0.600647 
0.600281 
0.587585 
0.599670 
0.593079 
0.601868 
0.584900 
0.625061 
0.625061 
0.578064 
0.601868 
0.591736 
0.625061 
0.604309 
0.562439 
0.600159 
0.597839 
0.588562 
0.577087 
0.593689 
0.599792 
0.592834 
0.603577 
0.591614 
0.585510 
0.594055 
0.596741 
0.598206 
0.607483 
0.577576 
0.561951 
0.596741 
0.593689 
0.595154 
0.601746 
0.599182 
0.592834 
0.597961 
0.581848 
0.596252 
0.591248 
0.562439 
0.581726 
0.609436 
0.605530 
0.592346 
0.596497 
0.603210 
0.596008 
0.585876 
0.589050 
0.595276 
0.595764 
0.602356 
0.605042 
0.589539 
0.594177 
0.562317 
0.576111 
0.585876 
0.577820 
0.593079 
0.601868 
0.588196 
0.585876 
0.584900 
0.598206 
0.588806 
0.591003 
0.582947 
0.578064 
0.595764 
0.594177 
0.583557 
0.589539 
0.609436 
0.589661 
0.583801 
0.592346 
0.599304 
0.591980 
0.609436 
0.595154 
0.575989 
0.591736 
0.589172 
0.596741 
0.589783 
0.578064 
0.593567 
0.594543 
0.580505 
0.596252 
0.596252 
0.579773 
0.603577 
0.593689 
0.570251 
0.588684 
0.598694 
0.587830 
0.589417 
0.583923 
0.588806 
0.586731 
0.597473 
0.592102 
0.601624 
0.594055 
0.595276 
0.602844 
0.585388 
0.592468 
0.604431 
0.591003 
0.598328 
0.601624 
0.595520 
0.594299 
0.588928 
0.585144 
0.583435 
0.578064 
0.591858 
0.609558 
0.601624 
0.595642 
0.594299 
0.590515 
0.590881 
0.589050 
0.593445 
0.595764 
0.601624 
0.606506 
0.582336 
0.596375 
0.581970 
0.596741 
0.609436 
0.593445 
0.605530 
0.601013 
0.598328 
0.589050 
0.596252 
0.570251 
0.587830 
0.585388 
0.591125 
0.592468 
0.595398 
0.592468 
0.595764 
0.603577 
0.590393 
0.598694 
0.584412 
0.605530 
0.590271 
0.585876 
0.601624 
0.589783 
0.597229 
0.586609 
0.585632 
0.592957 
0.609680 
0.591614 
0.596497 
0.562439 
0.596741 
0.596252 
0.602600 
0.577942 
0.585266 
0.577820 
0.589294 
0.591003 
0.600647 
0.587219 
0.592590 
0.590637 
0.570251 
0.595032 
0.571960 
0.609436 
0.570251 
0.591003 
0.581970 
0.594177 
0.562439 
0.596741 
0.587708 
0.595764 
0.611389 
0.593567 
0.594910 
0.585388 
0.609924 
0.591980 
0.603577 
0.596863 
0.596741 
0.601013 
0.587341 
0.593933 
0.593689 
0.588562 
0.598083 
0.578064 
0.576111 
0.587708 
0.577942 
0.591003 
0.609436 
0.601624 
0.601624 
0.591614 
0.597717 
0.596863 
0.592957 
0.597961 
0.596130 
0.596252 
0.600769 
0.587341 
0.597961 
0.593689 
0.609436 
0.590149 
0.589294 
0.609558 
0.578064 
0.594788 
0.591858 
0.595032 
0.625061 
0.599792 
0.586609 
0.617249 
0.606018 
0.585876 
0.609680 
0.603577 
0.587585 
0.585632 
0.602600 
0.578064 
0.580994 
0.589172 
0.595886 
0.584778 
0.596375 
0.577820 
0.588196 
0.598816 
0.601624 
0.589783 
0.581726 
0.611755 
0.579041 
0.605530 
0.590149 
0.625061 
0.601868 
0.581848 
0.592834 
0.588318 
0.602112 
0.596741 
0.594788 
0.609924 
0.592224 
0.589783 
0.602844 
0.592102 
0.588806 
0.604553 
0.589172 
0.585388 
0.577087 
0.591125 
0.562439 
0.625061 
0.590271 
0.595276 
0.610168 
0.585266 
0.598694 
0.587585 
0.596741 
0.597839 
0.593445 
0.590027 
0.585754 
0.592834 
0.598694 
0.592712 
0.598206 
0.592957 
0.583923 
0.602600 
0.589172 
0.596008 
0.562439 
0.609436 
0.598206 
0.562439 
0.603210 
0.588806 
0.585388 
0.590027 
0.592712 
0.577942 
0.591736 
0.594177 
0.578064 
0.598083 
0.596130 
0.584900 
0.590149 
0.562439 
0.591736 
0.590149 
0.582581 
0.609436 
0.590515 
0.587585 
0.602600 
0.625061 
0.599915 
0.595032 
0.597961 
0.593323 
0.594299 
0.592224 
0.588074 
0.600891 
0.599670 
0.595764 
0.592957 
0.595276 
0.601135 
0.584778 
0.580994 
0.577942 
0.600403 
0.591492 
0.578064 
0.592102 
0.595032 
0.589905 
0.602844 
0.590881 
0.596863 
0.609680 
0.605652 
0.592957 
0.602356 
0.610413 
0.602722 
0.603577 
0.584656 
0.591370 
0.603577 
0.595398 
0.589661 
0.589172 
0.593079 
0.591003 
0.598816 
0.589661 
0.598206 
0.605530 
0.593933 
0.595154 
0.609680 
0.602722 
0.595154 
0.609436 
0.602356 
0.609436 
0.577576 
0.586609 
0.593201 
0.596741 
0.590637 
0.585266 
0.589294 
0.583923 
0.598206 
0.581604 
0.588806 
0.594788 
0.588440 
0.579651 
0.595398 
0.583923 
0.591003 
0.597961 
0.583923 
0.584412 
0.596375 
0.592834 
0.583923 
0.590759 
0.601624 
0.595154 
0.573547 
0.591248 
0.594421 
0.593445 
0.599182 
0.592102 
0.590637 
0.609436 
0.591125 
0.588684 
0.588196 
0.608215 
0.600159 
0.595032 
0.593811 
0.578064 
0.578064 
0.581482 
0.584900 
0.605164 
0.593201 
0.587585 
0.595032 
0.602844 
0.588928 
0.599060 
0.596375 
0.596130 
0.594055 
0.588928 
0.625061 
0.605774 
0.597839 
0.600769 
0.601624 
0.601990 
0.585876 
0.601868 
0.591980 
0.585876 
0.595032 
0.601379 
0.591980 
0.595276 
0.586853 
0.591736 
0.590271 
0.602112 
0.603577 
0.589050 
0.606873 
0.578064 
0.578064 
0.592834 
0.594666 
0.601868 
0.589539 
0.584900 
0.602722 
0.586731 
0.609924 
0.585388 
0.591736 
0.589783 
0.596130 
0.594177 
0.596863 
0.591736 
0.585632 
0.593445 
0.590271 
0.577576 
0.585876 
0.588074 
0.570251 
0.595764 
0.562439 
0.585144 
0.609436 
0.595764 
0.595764 
0.594055 
0.625061 
0.594421 
0.590027 
0.591492 
0.597229 
0.592712 
0.597717 
0.589172 
0.597717 
0.591980 
0.590881 
0.602600 
0.594421 
0.583923 
0.589661 
0.562439 
0.589539 
0.585022 
0.593201 
0.595886 
0.588684 
0.581970 
0.591980 
0.591492 
0.581360 
0.602722 
0.596863 
0.585388 
0.577698 
0.592834 
0.585632 
0.585876 
0.594543 
0.609924 
0.600647 
0.593567 
0.594299 
0.594788 
0.593933 
0.570251 
0.595764 
0.601624 
0.602722 
0.581848 
0.595398 
0.601624 
0.601746 
0.595032 
0.581970 
0.595764 
0.599182 
0.604431 
0.594910 
0.612488 
0.583923 
0.609436 
0.579407 
0.589783 
0.585876 
0.562439 
0.590271 
0.600159 
0.587219 
0.594543 
0.593933 
0.606018 
0.609436 
0.594788 
0.594666 
0.580994 
0.587219 
0.597351 
0.578064 
0.612610 
0.595276 
0.594299 
0.605530 
0.586731 
0.592957 
0.595886 
0.601868 
0.585510 
0.610413 
0.587830 
0.597351 
0.584900 
0.585632 
0.581970 
0.588196 
0.578064 
0.585388 
0.583923 
0.593445 
0.587830 
0.580994 
0.613342 
0.601746 
0.591736 
0.595276 
0.598450 
0.603577 
0.588806 
0.587830 
0.595032 
0.585632 
0.595764 
0.589783 
0.589172 
0.587952 
0.602600 
0.593445 
0.587219 
0.593689 
0.601624 
0.592102 
0.591736 
0.590149 
0.595764 
0.595764 
0.599792 
0.590637 
0.587341 
0.588684 
0.577820 
0.593567 
0.605530 
0.609436 
0.625061 
0.585876 
0.592590 
0.587097 
0.605530 
0.593079 
0.609558 
0.578064 
