0.595886 
0.617981 
0.584412 
0.595032 
0.584290 
0.592346 
0.594543 
0.588196 
0.582703 
0.625305 
0.609436 
0.613464 
0.573914 
0.602112 
0.593323 
0.625061 
0.592834 
0.613342 
0.588928 
0.562439 
0.561218 
0.591980 
0.625061 
0.590881 
0.591980 
0.593689 
0.589661 
0.580750 
0.595398 
0.567322 
0.625061 
0.586975 
0.593079 
0.599182 
0.587585 
0.592224 
0.562439 
0.597595 
0.575989 
0.613586 
0.591736 
0.591614 
0.585876 
0.593323 
0.613586 
0.632874 
0.577576 
0.576111 
0.625061 
0.562439 
0.596008 
0.588928 
0.599792 
0.595154 
0.562317 
0.591614 
0.583801 
0.589905 
0.590881 
0.592102 
0.582214 
0.577087 
0.625061 
0.593079 
0.560486 
0.581238 
0.588440 
0.562195 
0.581482 
0.617249 
0.596619 
0.596985 
0.595642 
0.591980 
0.599182 
0.625061 
0.585388 
0.561462 
0.585876 
0.570251 
0.584290 
0.577087 
0.602112 
0.594543 
0.585388 
0.594421 
0.594910 
0.581970 
0.595276 
0.590515 
0.589783 
0.584900 
0.596863 
0.554626 
0.593811 
0.596741 
0.593811 
0.575012 
0.573669 
0.583557 
0.591858 
0.594421 
0.625061 
0.595886 
0.605652 
0.589783 
0.597839 
0.613342 
0.578064 
0.605896 
0.589661 
0.562073 
0.586853 
0.613586 
0.625183 
0.582703 
0.583923 
0.582947 
0.583801 
0.597717 
0.612366 
0.608215 
0.617249 
0.580017 
0.609802 
0.588806 
0.570251 
0.625061 
0.625061 
0.602234 
0.625061 
0.562439 
0.576111 
0.625061 
0.628967 
0.584534 
0.568787 
0.587463 
0.584290 
0.610413 
0.578064 
0.585632 
0.562439 
0.583435 
0.598938 
0.591370 
0.619202 
0.577820 
0.562439 
0.608459 
0.588928 
0.597595 
0.562195 
0.594055 
0.592346 
0.588806 
0.606628 
0.589783 
0.609924 
0.596252 
0.598206 
0.589050 
0.594299 
0.577698 
0.625183 
0.587219 
0.613342 
0.598938 
0.593079 
0.593201 
0.598694 
0.583923 
0.604553 
0.598083 
0.601624 
0.577942 
0.577087 
0.619202 
0.578064 
0.585022 
0.577576 
0.575134 
0.596252 
0.583557 
0.594788 
0.562317 
0.611389 
0.609436 
0.598083 
0.613342 
0.576599 
0.605530 
0.585510 
0.593323 
0.589050 
0.562439 
0.589661 
0.580261 
0.604553 
0.578552 
0.562195 
0.588318 
0.587585 
0.625183 
0.597839 
0.585144 
0.596008 
0.609436 
0.625061 
0.601624 
0.625549 
0.604553 
0.603943 
0.589294 
0.598083 
0.591003 
0.625061 
0.595764 
0.606506 
0.605530 
0.600891 
0.562439 
0.578064 
0.586365 
0.571716 
0.591980 
0.617371 
0.609558 
0.577454 
0.562439 
0.546814 
0.562439 
0.593567 
0.603333 
0.586609 
0.597839 
0.592712 
0.578796 
0.594177 
0.594666 
0.582947 
0.579285 
0.609680 
0.577942 
0.586609 
0.593933 
0.625183 
0.600403 
0.598206 
0.601013 
0.590515 
0.598572 
0.602112 
0.561462 
0.605164 
0.601868 
0.584900 
0.571838 
0.602722 
0.594421 
0.558533 
0.595276 
0.592224 
0.588318 
0.610657 
0.589539 
0.601624 
0.594299 
0.586487 
0.577087 
0.592346 
0.592957 
0.596497 
0.611511 
0.613342 
0.558533 
0.610657 
0.602356 
0.601746 
0.584900 
0.593201 
0.584412 
0.593689 
0.598206 
0.546814 
0.609436 
0.562439 
0.625061 
0.606506 
0.582825 
0.597107 
0.609558 
0.594421 
0.597351 
0.585754 
0.617249 
0.603699 
0.561218 
0.581726 
0.560364 
0.601990 
0.577942 
0.599670 
0.583557 
0.600159 
0.590637 
0.598938 
0.591003 
0.562439 
0.625061 
0.603577 
0.601624 
0.625061 
0.594177 
0.625061 
0.588318 
0.602966 
0.602234 
0.599670 
0.598816 
0.595764 
0.590881 
0.610413 
0.593811 
0.592834 
0.625061 
0.589294 
0.597961 
0.593811 
0.558533 
0.603577 
0.594299 
0.598938 
0.558533 
0.572205 
0.578064 
0.569275 
0.601990 
0.593079 
0.598694 
0.581970 
0.605652 
0.585144 
0.562439 
0.583923 
0.575623 
0.599792 
0.626038 
0.577820 
0.599670 
0.592712 
0.603088 
0.585388 
0.583923 
0.580017 
0.596497 
0.605530 
0.607971 
0.584900 
0.595764 
0.585144 
0.592468 
0.562439 
0.561462 
0.583557 
0.560974 
0.613342 
0.592834 
0.601624 
0.596985 
0.592468 
0.628967 
0.579773 
0.562439 
0.562439 
0.588440 
0.575989 
0.593811 
0.607239 
0.602844 
0.585999 
0.618225 
0.580017 
0.595642 
0.573547 
0.560486 
0.596741 
0.613342 
0.600769 
0.593811 
0.593567 
0.595520 
0.604675 
0.588562 
0.590027 
0.566223 
0.577942 
0.609436 
0.562439 
0.587708 
0.562439 
0.613831 
0.578064 
0.576111 
0.595032 
0.589050 
0.562317 
0.602356 
0.625061 
0.610657 
0.599060 
0.570251 
0.562439 
0.598450 
0.594543 
0.591980 
0.562439 
0.605652 
0.601624 
0.584290 
0.566345 
0.601868 
0.595642 
0.581848 
0.611389 
0.574890 
0.577087 
0.581360 
0.625061 
0.617249 
0.592224 
0.562439 
0.584412 
0.581970 
0.578064 
0.613342 
0.597961 
0.589661 
0.590393 
0.617249 
0.589294 
0.590515 
0.597351 
0.607849 
0.585632 
0.575989 
0.577698 
0.603821 
0.597473 
0.613464 
0.593689 
0.589172 
0.598816 
0.578064 
0.578064 
0.589783 
0.609436 
0.562439 
0.591736 
0.577576 
0.585876 
0.591858 
0.590393 
0.597107 
0.595398 
0.595642 
0.584412 
0.577820 
0.610413 
0.603577 
0.600891 
0.589783 
0.583679 
0.590271 
0.585632 
0.583801 
0.597717 
0.593933 
0.625183 
0.625061 
0.625061 
0.587219 
0.625549 
0.595276 
0.609436 
0.574158 
0.574768 
0.601624 
0.592468 
0.598572 
0.561462 
0.599915 
0.596985 
0.589539 
0.588684 
0.621155 
0.577087 
0.585022 
0.581360 
0.586609 
0.592712 
0.628967 
0.625061 
0.585876 
0.606506 
0.589417 
0.609924 
0.609680 
0.577820 
0.610413 
0.595276 
0.585999 
0.584900 
0.581726 
0.588806 
0.626038 
0.588684 
0.574646 
0.602844 
0.589783 
0.591980 
0.601013 
0.591858 
0.588806 
0.613342 
0.594543 
0.577942 
0.561951 
0.609436 
0.595886 
0.605286 
0.583435 
0.576111 
0.626038 
0.577820 
0.602234 
0.611389 
0.590759 
0.625061 
0.605652 
0.592590 
0.597473 
0.588806 
0.602600 
0.605774 
0.601624 
0.587708 
0.593079 
0.590149 
0.595032 
0.597717 
0.602600 
0.598816 
0.562195 
0.617981 
0.581726 
0.562439 
0.575378 
0.628967 
0.610168 
0.600403 
0.597839 
0.609680 
0.594299 
0.574646 
0.576111 
0.609436 
0.589050 
0.581482 
0.603699 
0.595886 
0.601868 
0.570251 
0.594543 
0.556580 
0.584045 
0.573792 
0.585876 
0.625305 
0.585754 
0.592957 
0.590637 
0.597717 
0.625549 
0.588928 
0.584656 
0.603577 
0.605042 
0.606506 
0.613342 
0.602234 
0.594177 
0.561462 
0.579773 
0.578064 
0.632874 
0.562439 
0.562073 
0.562439 
0.577942 
0.562439 
0.562439 
0.587341 
0.575745 
0.613342 
0.589294 
0.595276 
0.633850 
0.613464 
0.582947 
0.591003 
0.605896 
0.594299 
0.601746 
0.581970 
0.593323 
0.609680 
0.597229 
0.546814 
0.602722 
0.596375 
0.576355 
0.602722 
0.609680 
0.597473 
0.599182 
0.585876 
0.603699 
0.576111 
0.568054 
0.595886 
0.603210 
0.585266 
0.581726 
0.562439 
0.562439 
0.562195 
0.602600 
0.597717 
0.586365 
0.601624 
0.609558 
0.597351 
0.578064 
0.598694 
0.596008 
0.625061 
0.619690 
0.600403 
0.583679 
0.580994 
0.573914 
0.562439 
0.576233 
0.584534 
0.598328 
0.589783 
0.588318 
0.580505 
0.613342 
0.598938 
0.578064 
0.613586 
0.583801 
0.585144 
0.562439 
0.598206 
0.583679 
0.591980 
0.601746 
0.585632 
0.593201 
0.562439 
0.597473 
0.611511 
0.575134 
0.598816 
0.589539 
0.568176 
0.577576 
0.587341 
0.581970 
0.589539 
0.574158 
0.596252 
0.588928 
0.554626 
0.577698 
0.584290 
0.561462 
0.602112 
0.597229 
0.573792 
0.602722 
0.574158 
0.584778 
0.586243 
0.583435 
0.625061 
0.593567 
0.604065 
0.628967 
0.589172 
0.577820 
0.599670 
0.595398 
0.570251 
0.554626 
0.592712 
0.591858 
0.562439 
0.593079 
0.603088 
0.625061 
0.577087 
0.603577 
0.574036 
0.578064 
0.591980 
0.594055 
0.577087 
0.554626 
0.625549 
0.584778 
0.612000 
0.597839 
0.597717 
0.584656 
0.573792 
0.596252 
0.625061 
0.599060 
0.616028 
0.618225 
0.585388 
0.576355 
0.588806 
0.625671 
0.605530 
0.592224 
0.578308 
0.613708 
0.593445 
0.583435 
0.593933 
0.614929 
0.585754 
0.609436 
0.594055 
0.574158 
0.561462 
0.594910 
0.574036 
0.625305 
0.589294 
0.592957 
0.607483 
0.588684 
0.587830 
0.597351 
0.580994 
0.594543 
0.585022 
0.578064 
0.593933 
0.603943 
0.627991 
0.589417 
0.600891 
0.612366 
0.594177 
0.603088 
0.566345 
0.625061 
0.594299 
0.602112 
0.595154 
0.609436 
0.561951 
0.584167 
0.600525 
0.589050 
0.593933 
0.609680 
0.625061 
0.562317 
0.562439 
0.585144 
0.597351 
0.560486 
0.594177 
0.612366 
0.589539 
0.607971 
0.578064 
0.595764 
0.591003 
0.576111 
0.610657 
0.615295 
0.558533 
0.592346 
0.611389 
0.594543 
0.592468 
0.606506 
0.575623 
0.595764 
0.593567 
0.581726 
0.562439 
0.587708 
0.625061 
0.602112 
0.599792 
0.592224 
0.609436 
0.593567 
0.564392 
0.594055 
0.562439 
0.603699 
0.603577 
0.625061 
0.625061 
0.562439 
0.625061 
0.577576 
0.592468 
0.609924 
0.585754 
0.612854 
0.580505 
0.625061 
0.595032 
0.596130 
0.586609 
0.625061 
0.573181 
0.609436 
0.580994 
0.589905 
0.561951 
0.601379 
0.584900 
0.625305 
0.586975 
0.596130 
0.587097 
0.576111 
0.578064 
0.628967 
0.594177 
0.609924 
0.584656 
0.625427 
0.585876 
0.625061 
0.611023 
0.600647 
0.578064 
0.596008 
0.573669 
0.576965 
0.595764 
0.598816 
0.605530 
0.625183 
0.606018 
0.604675 
0.589539 
0.577820 
0.562439 
0.597717 
0.625183 
0.581360 
0.644592 
0.577820 
0.584778 
0.588196 
0.601624 
0.592590 
0.577576 
0.584045 
0.566345 
0.594055 
0.588806 
0.594543 
0.605530 
0.625549 
0.595642 
0.577576 
0.599670 
0.611389 
0.570007 
0.625061 
0.592590 
0.625305 
0.613342 
0.591370 
0.583069 
0.587219 
0.601013 
0.609558 
0.599304 
0.593933 
0.609680 
0.604553 
0.594910 
0.609802 
0.605042 
0.594910 
0.577576 
0.590637 
0.583557 
0.585754 
0.605652 
0.590027 
0.554626 
0.594299 
0.584412 
0.562439 
0.625549 
0.591248 
0.588806 
0.597351 
0.562439 
0.576965 
0.581970 
0.594177 
0.570129 
0.562439 
0.594421 
0.554626 
0.611633 
0.590149 
0.583801 
0.596741 
0.596008 
0.584900 
0.585388 
0.597107 
0.596985 
0.562439 
0.581970 
0.591492 
0.599792 
0.589539 
0.593689 
0.561462 
0.605896 
0.585876 
0.611511 
0.585754 
0.599182 
0.598083 
0.610046 
0.600525 
0.598206 
0.603577 
0.625061 
0.578552 
0.590637 
0.605652 
0.577820 
0.594543 
0.575867 
0.590759 
0.591003 
0.625061 
0.593445 
0.596130 
0.589050 
0.562439 
0.603088 
0.589417 
0.562439 
0.578064 
0.561462 
0.595032 
0.562439 
0.602844 
0.573914 
0.601868 
0.617249 
0.598450 
0.558533 
0.594788 
0.573181 
0.577576 
0.591858 
0.584656 
0.604553 
0.625061 
0.594910 
0.595276 
0.592102 
0.603821 
0.562439 
0.585266 
