0.629211 
0.625061 
0.596497 
0.625061 
0.606262 
0.575989 
0.573181 
0.597717 
0.601868 
0.588440 
0.558533 
0.625183 
0.592346 
0.589661 
0.657288 
0.616272 
0.571960 
0.581360 
0.632874 
0.687561 
0.625061 
0.574158 
0.557556 
0.561951 
0.561462 
0.570251 
0.558289 
0.558533 
0.605896 
0.578796 
0.625305 
0.561340 
0.633118 
0.567810 
0.609436 
0.599670 
0.617249 
0.572205 
0.561829 
0.568298 
0.594177 
0.583191 
0.575378 
0.562317 
0.574890 
0.608459 
0.606384 
0.591492 
0.656311 
0.629089 
0.611511 
0.625671 
0.621155 
0.595276 
0.561096 
0.586731 
0.617493 
0.583069 
0.607849 
0.629456 
0.580872 
0.613708 
0.574158 
0.610413 
0.562439 
0.595398 
0.609436 
0.627014 
0.637756 
0.609558 
0.580627 
0.625183 
0.601746 
0.558533 
0.656311 
0.625671 
0.595764 
0.596252 
0.613098 
0.613342 
0.580872 
0.589539 
0.603577 
0.499939 
0.515564 
0.640808 
0.598694 
0.562439 
0.584290 
0.604431 
0.561951 
0.603821 
0.562195 
0.559875 
0.577576 
0.605530 
0.628967 
0.561462 
0.562317 
0.585022 
0.628967 
0.546814 
0.618225 
0.583557 
0.603210 
0.619324 
0.618469 
0.575989 
0.613464 
0.586609 
0.560486 
0.574158 
0.585266 
0.572205 
0.580872 
0.640930 
0.590637 
0.565857 
0.595642 
0.588196 
0.580750 
0.578064 
0.562439 
0.633362 
0.560486 
0.592468 
0.587830 
0.642639 
0.578674 
0.656311 
0.625061 
0.617249 
0.562439 
0.627014 
0.560486 
0.608215 
0.592346 
0.594543 
0.560486 
0.559509 
0.562439 
0.573669 
0.592346 
0.614319 
0.567322 
0.601868 
0.590637 
0.593445 
0.629456 
0.582703 
0.600403 
0.570007 
0.531067 
0.562439 
0.578430 
0.573547 
0.562439 
0.591980 
0.640686 
0.558533 
0.560486 
0.627991 
0.579041 
0.625061 
0.625061 
0.554626 
0.586243 
0.603577 
0.625061 
0.609924 
0.581482 
0.619812 
0.628235 
0.592590 
0.592346 
0.561951 
0.586853 
0.625305 
0.562195 
0.587585 
0.577820 
0.561951 
0.603088 
0.602478 
0.554626 
0.590271 
0.587219 
0.546814 
0.584167 
0.613342 
0.574646 
0.599304 
0.559509 
0.627625 
0.563904 
0.634827 
0.557556 
0.603943 
0.609802 
0.625671 
0.625549 
0.605896 
0.583679 
0.631042 
0.554626 
0.625061 
0.590027 
0.626038 
0.632874 
0.598694 
0.605530 
0.574036 
0.604065 
0.601501 
0.627014 
0.628967 
0.593323 
0.583435 
0.588074 
0.632874 
0.588440 
0.530212 
0.560486 
0.626526 
0.592957 
0.599670 
0.587830 
0.626038 
0.546814 
0.603577 
0.626038 
0.562439 
0.584656 
0.600037 
0.557922 
0.589417 
0.625061 
0.607727 
0.591003 
0.593567 
0.590271 
0.623108 
0.617249 
0.564392 
0.627014 
0.546692 
0.610046 
0.578064 
0.562439 
0.587708 
0.625061 
0.556335 
0.560486 
0.576111 
0.600525 
0.603699 
0.611389 
0.625061 
0.561218 
0.562439 
0.558533 
0.575134 
0.625061 
0.612000 
0.499939 
0.577087 
0.640686 
0.592834 
0.625061 
0.625183 
0.593201 
0.625061 
0.615295 
0.596130 
0.625183 
0.580872 
0.562317 
0.576477 
0.585144 
0.643127 
0.605042 
0.611511 
0.626038 
0.625061 
0.584534 
0.580383 
0.609924 
0.609924 
0.562195 
0.613342 
0.608459 
0.561951 
0.578674 
0.562317 
0.499939 
0.588196 
0.625061 
0.613586 
0.575623 
0.586365 
0.585266 
0.603577 
0.597351 
0.587585 
0.628967 
0.580383 
0.561707 
0.576111 
0.627136 
0.600525 
0.597839 
0.597107 
0.600891 
0.576721 
0.558411 
0.599182 
0.608704 
0.594666 
0.610657 
0.596741 
0.575134 
0.613342 
0.577087 
0.587463 
0.621277 
0.595764 
0.577087 
0.632874 
0.630432 
0.656311 
0.589783 
0.601624 
0.569763 
0.590149 
0.577454 
0.583557 
0.591858 
0.612122 
0.561462 
0.601624 
0.625305 
0.562439 
0.598938 
0.558411 
0.625061 
0.594299 
0.553040 
0.610779 
0.554138 
0.625305 
0.598572 
0.625061 
0.577820 
0.609558 
0.598572 
0.604065 
0.625916 
0.625671 
0.605530 
0.560486 
0.627014 
0.602112 
0.600769 
0.625549 
0.634827 
0.583557 
0.590393 
0.626038 
0.626038 
0.595886 
0.625305 
0.600281 
0.612854 
0.604675 
0.562439 
0.611145 
0.545837 
0.626038 
0.627502 
0.606873 
0.640686 
0.591980 
0.570251 
0.615417 
0.632874 
0.609192 
0.613464 
0.581604 
0.605774 
0.589905 
0.499939 
0.641174 
0.587585 
0.611389 
0.562439 
0.625793 
0.652405 
0.585144 
0.603699 
0.602844 
0.625061 
0.573669 
0.616760 
0.616882 
0.560486 
0.625793 
0.656311 
0.609680 
0.626526 
0.582825 
0.556580 
0.625305 
0.578064 
0.632874 
0.614807 
0.588318 
0.625061 
0.564148 
0.594910 
0.598328 
0.625793 
0.608459 
0.625793 
0.625549 
0.625061 
0.625671 
0.560974 
0.586243 
0.604675 
0.625183 
0.605652 
0.590515 
0.561951 
0.591125 
0.531189 
0.562439 
0.566711 
0.576111 
0.596008 
0.593811 
0.597839 
0.603943 
0.595032 
0.585876 
0.628967 
0.576599 
0.581970 
0.610168 
0.625427 
0.562439 
0.604797 
0.633728 
0.591736 
0.598083 
0.621155 
0.562439 
0.606750 
0.602966 
0.562439 
0.560242 
0.592468 
0.596741 
0.632874 
0.591248 
0.590515 
0.586731 
0.613342 
0.588684 
0.629822 
0.606628 
0.560364 
0.537048 
0.603699 
0.539001 
0.634827 
0.577942 
0.596375 
0.595642 
0.614197 
0.594055 
0.607727 
0.609680 
0.544128 
0.625671 
0.579895 
0.625183 
0.588928 
0.627380 
0.561951 
0.625061 
0.575012 
0.583435 
0.626038 
0.542908 
0.633118 
0.619446 
0.625671 
0.617493 
0.602600 
0.586121 
0.587097 
0.616028 
0.618469 
0.560486 
0.599548 
0.602478 
0.600891 
0.607117 
0.556091 
0.604065 
0.606384 
0.562439 
0.606750 
0.615662 
0.562195 
0.641052 
0.593567 
0.628479 
0.593201 
0.581238 
0.591980 
0.640930 
0.568787 
0.628967 
0.571228 
0.574890 
0.554626 
0.581604 
0.613953 
0.561462 
0.619080 
0.562317 
0.583923 
0.589172 
0.590881 
0.634338 
0.561951 
0.614563 
0.625061 
0.569763 
0.601990 
0.558533 
0.599670 
0.579773 
0.626038 
0.572937 
0.586487 
0.590515 
0.595520 
0.640686 
0.632874 
0.585144 
0.602478 
0.562439 
0.625427 
0.569275 
0.545715 
0.563171 
0.601990 
0.499939 
0.626526 
0.597717 
0.593933 
0.561462 
0.558533 
0.625061 
0.625183 
0.582947 
0.610046 
0.574524 
0.596497 
0.561462 
0.538757 
0.612000 
0.562195 
0.599792 
0.627014 
0.575134 
0.558289 
0.626160 
0.610413 
0.602112 
0.554504 
0.609680 
0.610046 
0.499939 
0.640686 
0.570007 
0.570374 
0.562195 
0.560486 
0.599304 
0.561951 
0.588440 
0.577698 
0.622009 
0.579895 
0.593933 
0.613464 
0.626282 
0.617493 
0.597473 
0.595276 
0.626404 
0.602722 
0.562317 
0.595520 
0.656311 
0.596741 
0.637268 
0.598938 
0.585266 
0.615295 
0.561096 
0.546326 
0.576111 
0.589539 
0.605774 
0.601501 
0.601624 
0.562439 
0.554626 
0.608948 
0.562317 
0.589050 
0.558533 
0.628967 
0.596863 
0.598206 
0.617737 
0.631653 
0.619202 
0.594055 
0.593567 
0.606873 
0.625549 
0.574158 
0.571716 
0.608948 
0.587463 
0.642151 
0.592102 
0.594177 
0.585266 
0.656311 
0.596985 
0.593689 
0.594299 
0.648987 
0.546814 
0.554138 
0.656311 
0.605652 
0.625061 
0.580017 
0.589294 
0.625061 
0.601746 
0.602234 
0.594177 
0.623718 
0.627136 
0.562317 
0.591736 
0.575256 
0.588684 
0.590759 
0.588074 
0.629211 
0.602112 
0.562439 
0.625061 
0.586121 
0.562439 
0.627014 
0.628967 
0.626282 
0.625427 
0.564392 
0.578064 
0.561951 
0.610413 
0.611389 
0.601868 
0.588684 
0.562439 
0.581238 
0.574646 
0.625061 
0.609436 
0.602356 
0.570129 
0.595154 
0.561462 
0.572449 
0.592346 
0.600647 
0.577087 
0.562317 
0.631531 
0.569519 
0.648499 
0.602478 
0.640686 
0.586243 
0.598572 
0.626160 
0.574158 
0.640686 
0.499939 
0.641663 
0.621399 
0.610046 
0.595398 
0.617249 
0.561218 
0.598083 
0.656311 
0.579773 
0.625305 
0.601868 
0.561218 
0.573181 
0.630920 
0.560242 
0.656555 
0.593079 
0.610291 
0.562439 
0.603210 
0.585632 
0.561218 
0.499939 
0.591980 
0.592102 
0.625305 
0.613342 
0.531189 
0.599304 
0.625061 
0.640686 
0.625427 
0.621765 
0.609558 
0.562439 
0.601257 
0.499939 
0.560486 
0.586853 
0.554626 
0.625061 
0.558533 
0.625061 
0.581726 
0.562439 
0.598816 
0.630920 
0.598083 
0.625793 
0.612976 
0.563782 
0.583923 
0.603210 
0.531189 
0.627014 
0.592712 
0.594788 
0.602966 
0.582703 
0.611633 
0.625305 
0.562439 
0.593445 
0.562439 
0.625305 
0.595032 
0.595520 
0.632874 
0.562073 
0.607605 
0.572205 
0.619446 
0.562317 
0.626038 
0.560120 
0.625305 
0.604065 
0.588196 
0.626282 
0.582947 
0.574768 
0.557556 
0.573425 
0.611633 
0.596008 
0.576599 
0.579773 
0.562439 
0.588318 
0.625061 
0.628967 
0.594543 
0.628967 
0.601135 
0.587708 
0.621155 
0.625061 
0.584900 
0.587097 
0.632874 
0.583069 
0.588806 
0.580017 
0.630066 
0.610901 
0.625183 
0.577820 
0.625061 
0.577087 
0.575623 
0.625061 
0.604919 
0.625061 
0.656311 
0.640930 
0.587830 
0.617249 
0.617249 
0.626038 
0.600769 
0.577087 
0.613464 
0.587341 
0.605774 
0.584412 
0.591248 
0.581726 
0.640686 
0.613586 
0.560486 
0.590149 
0.625061 
0.560852 
0.556580 
0.608215 
0.590515 
0.587708 
0.558411 
0.576721 
0.582336 
0.569031 
0.644592 
0.558289 
0.627869 
0.625549 
0.605652 
0.629456 
0.580383 
0.604309 
0.609924 
0.605774 
0.575256 
0.601013 
0.589172 
0.579651 
0.581848 
0.599670 
0.625061 
0.625793 
0.597229 
0.546326 
0.539001 
0.562317 
0.580017 
0.642883 
0.627258 
0.575867 
0.603699 
0.601746 
0.562317 
0.596619 
0.562439 
0.604309 
0.596741 
0.552673 
0.585388 
0.606506 
0.630920 
0.602356 
0.546814 
0.581970 
0.561951 
0.591248 
0.570129 
0.562439 
0.625183 
0.594299 
0.539001 
0.590637 
0.561218 
0.599670 
0.608459 
0.611633 
0.575989 
0.595642 
0.631165 
0.625061 
0.499939 
0.564392 
0.625061 
0.600769 
0.627502 
0.644836 
0.625061 
0.578674 
0.626526 
0.608704 
0.571960 
0.614075 
0.575378 
0.609314 
0.575867 
0.587463 
0.626160 
0.584778 
0.618225 
0.554504 
0.593201 
0.578552 
0.562439 
0.613586 
0.561951 
0.601624 
0.587341 
0.562439 
0.562439 
0.580994 
0.606262 
0.565735 
0.569885 
0.604431 
0.596252 
0.577942 
0.628357 
0.640686 
0.592590 
0.627014 
0.586487 
0.561951 
0.600891 
0.615295 
0.580994 
0.579651 
0.546448 
0.628967 
0.587341 
0.578064 
0.546814 
0.583435 
0.625549 
0.499939 
0.586365 
0.600403 
0.579407 
0.625061 
0.617737 
0.523376 
0.603088 
0.590759 
0.581360 
0.595276 
0.605286 
0.558533 
0.560974 
0.603577 
0.613586 
0.594055 
0.562195 
0.595886 
0.656311 
0.602600 
0.585022 
0.591248 
0.611389 
0.588806 
0.591492 
0.585999 
0.576843 
0.558044 
0.627991 
0.633362 
0.552185 
0.640808 
0.554138 
0.562195 
0.660217 
0.578552 
0.625183 
0.599304 
0.629944 
